Datetime,Temperature [K],Voltage [V],Resistance [𝛀],Current Source [A],Electric Field [V/cm],Restivity [𝛀 cm],Current Density [A/cm2]
2023-04-13 13:51:04.129333,245.70768466932992,-1.23703766e-06,-inf,0.0,-3.818017469135803e-05,-inf,0.0
2023-04-13 13:51:04.747308,245.70655199183975,4.57389611e-05,2.6005866454,1.7587939698492464e-05,0.0014116963302469136,1.834055705166358,0.0007697128970893857
2023-04-13 13:51:05.356694,245.70526812112934,9.27017524e-05,2.6353783896571428,3.517587939698493e-05,0.0028611651975308646,1.8585924754217815,0.0015394257941787714
2023-04-13 13:51:05.966869,245.70438714893544,0.000139662224,2.6469316739047617,5.2763819095477394e-05,0.004310562469135803,1.8667403934791298,0.0023091386912681574
2023-04-13 13:51:06.591571,245.70307835985,0.000186632798,2.652851914428571,7.035175879396985e-05,0.005760271543209877,1.8709156248361993,0.003078851588357543
2023-04-13 13:51:07.222157,245.70169355128624,0.000233608805,2.656465839714286,8.793969849246232e-05,0.007210148302469137,1.873464334489859,0.003848564485446929
2023-04-13 13:51:07.849991,245.70081257782434,0.000280659641,2.6595842170952375,0.00010552763819095479,0.008662334598765432,1.8756635605131537,0.004618277382536315
2023-04-13 13:51:08.467795,245.69952870414662,0.000327493855,2.660052128367347,0.00012311557788944724,0.010107835030864197,1.875993553493638,0.0053879902796257
2023-04-13 13:51:09.086484,245.69829550906786,0.000374501529,2.6616358668214284,0.0001407035175879397,0.011558689166666667,1.8771104801502976,0.006157703176715086
2023-04-13 13:51:09.719440,245.69668433032794,0.000421530077,2.6629995340634918,0.00015829145728643218,0.013010187561728396,1.8780722022639131,0.0069274160738044726
2023-04-13 13:51:10.344493,245.6960048053507,0.000468550093,2.664041957342857,0.00017587939698492463,0.014461422623456791,1.8788073680643298,0.007697128970893858
2023-04-13 13:51:10.965454,245.69477118619372,0.000515434029,2.6641914745714286,0.0001934673366834171,0.015908457685185187,1.8789128146283067,0.008466841867983244
2023-04-13 13:51:11.595671,245.69378927389673,0.000562438378,2.664886600523809,0.00021105527638190958,0.017359209197530864,1.8794030500607728,0.00923655476507263
2023-04-13 13:51:12.215389,245.69230436836898,0.00060939906,2.665283800879121,0.00022864321608040202,0.018808612962962965,1.8796831743854292,0.010006267662162015
2023-04-13 13:51:12.866693,245.6912468583161,0.00065640462,2.6658065179591834,0.00024623115577889447,0.020259401851851853,1.8800518189928193,0.0107759805592514
2023-04-13 13:51:13.469609,245.69006391622563,0.000703229761,2.6655756655047615,0.00026381909547738695,0.02170462225308642,1.8798890110118458,0.011545693456340786
2023-04-13 13:51:14.073718,245.6893337099911,0.000750250448,2.666068556285714,0.0002814070351758794,0.023155878024691358,1.8802366207138446,0.012315406353430172
2023-04-13 13:51:14.693368,245.68762201113375,0.000797268625,2.66649506512605,0.0002989949748743719,0.024607056327160495,1.8805374147571063,0.01308511925051956
2023-04-13 13:51:15.318313,245.6865146642418,0.00084428548,2.666870008253968,0.00031658291457286437,0.026058193827160497,1.8808018422408386,0.013854832147608945
2023-04-13 13:51:15.957020,245.68515518620333,0.000891180914,2.66684213362406,0.0003341708542713568,0.0275055837654321,1.880782183744129,0.014624545044698328
2023-04-13 13:51:16.576165,245.68412301288015,0.000938152286,2.667032927342857,0.00035175879396984926,0.028955317469135804,1.8809167404254408,0.015394257941787715
2023-04-13 13:51:17.202381,245.68301566442685,0.000985110347,2.6671695109251696,0.00036934673366834173,0.03040464033950617,1.8810130655753126,0.0161639708388771
2023-04-13 13:51:17.836531,245.681580587397,0.00103208777,2.6673437172727272,0.0003869346733668342,0.03185456080246914,1.8811359240642533,0.016933683735966487
2023-04-13 13:51:18.469543,245.6807752038974,0.0010789443,2.66720392173913,0.0004045226130653267,0.033300750000000004,1.8810373336956518,0.017703396633055875
2023-04-13 13:51:19.085578,245.6793908052206,0.00112597649,2.667491922738095,0.00042211055276381916,0.03475236080246914,1.8812404455112801,0.01847310953014526
2023-04-13 13:51:19.697722,245.67820743514744,0.00117298951,2.6677132856,0.0004396984924623116,0.03620337993827161,1.8813965609864196,0.019242822427234643
2023-04-13 13:51:20.350328,245.67687329240724,0.00122002259,2.667961488021978,0.00045728643216080405,0.037655018209876545,1.8815716049784625,0.02001253532432403
2023-04-13 13:51:20.975097,245.6753127794914,0.00126691379,2.6678925313227513,0.0004748743718592965,0.039102277469135804,1.8815229734791625,0.020782248221413415
2023-04-13 13:51:21.605640,245.6743055196184,0.00131389363,2.6680084935714286,0.0004924623115577889,0.0405522725308642,1.881604755497134,0.0215519611185028
2023-04-13 13:51:22.227279,245.6729713747796,0.001360913,2.668193960591133,0.0005100502512562815,0.04200348765432099,1.8817355555403514,0.022321674015592187
2023-04-13 13:51:22.860255,245.6714864567932,0.00140789721,2.6683004265714283,0.0005276381909547739,0.04345361759259259,1.8818106403443562,0.02309138691268157
2023-04-13 13:51:23.489554,245.6705045352814,0.00145490802,2.6684488108755753,0.0005452261306532664,0.04490456851851852,1.8819152879168797,0.02386109980977096
2023-04-13 13:51:24.123231,245.6692709034461,0.00150179872,2.6683745114285715,0.0005628140703517588,0.04635181234567902,1.8818628884611994,0.024630812706860343
2023-04-13 13:51:24.746608,245.66796209584004,0.00154882082,2.6685311097835496,0.0005804020100502513,0.04780311172839506,1.8819733289677194,0.025400525603949727
2023-04-13 13:51:25.360857,245.66677914264662,0.00159584554,2.668682877815126,0.0005979899497487438,0.049254491975308644,1.8820803629035685,0.02617023850103912
2023-04-13 13:51:26.003451,245.66567136411757,0.00164282427,2.6687512631020405,0.0006155778894472362,0.05070445277777778,1.8821285914160997,0.0269399513981285
2023-04-13 13:51:26.675990,245.6641611017803,0.00168966641,2.668600123730158,0.0006331658291457287,0.052150197839506175,1.882022000840559,0.02770966429521789
2023-04-13 13:51:27.291204,245.6629777244402,0.00173662335,2.6686335648648645,0.0006507537688442212,0.053599486111111115,1.8820455850975975,0.028479377192307274
2023-04-13 13:51:27.914403,245.6617947688687,0.0017835814,2.668666906766917,0.0006683417085427136,0.05504880864197531,1.882069099371113,0.029249090089396655
2023-04-13 13:51:28.538514,245.66071232812794,0.00183061064,2.6688023249816846,0.0006859296482412061,0.05650032839506173,1.88216460264912,0.030018802986486046
2023-04-13 13:51:29.153290,245.65905086724968,0.00187747671,2.6686990377857143,0.0007035175879396985,0.05794681203703704,1.8820917596729496,0.03078851588357543
2023-04-13 13:51:29.776010,245.6578928275143,0.00192450213,2.6688217691289196,0.000721105527638191,0.05939821388888889,1.8821783155739447,0.03155822878066482
2023-04-13 13:51:30.388887,245.65711235403953,0.00197150778,2.668911892653061,0.0007386934673366835,0.06084900555555556,1.8822418749111867,0.0323279416777542
2023-04-13 13:51:31.025339,245.6557532822182,0.00201847969,2.668953211362126,0.0007562814070351759,0.06229875586419753,1.8822710148032278,0.03309765457484359
2023-04-13 13:51:31.632254,245.65474643673394,0.00206534506,2.6688549801298698,0.0007738693467336684,0.06374521790123457,1.8822017375298619,0.033867367471932974
2023-04-13 13:51:32.248734,245.65326108549715,0.00211228718,2.668858087746032,0.0007914572864321608,0.06519404876543211,1.882203929166569,0.034637080369022355
2023-04-13 13:51:32.883652,245.6519015892289,0.0021592647,2.66890481552795,0.0008090452261306534,0.06664397222222222,1.8822368837905448,0.03540679326611175
2023-04-13 13:51:33.504424,245.65107085597586,0.00220628054,2.668995911610942,0.0008266331658291458,0.06809507839506174,1.8823011290219145,0.03617650616320113
2023-04-13 13:51:34.113782,245.64988789472164,0.0022531556,2.6689164547619044,0.0008442211055276383,0.06954183950617285,1.8822450923243679,0.03694621906029052
2023-04-13 13:51:34.742713,245.64865425262644,0.00230016579,2.6689970391253643,0.0008618090452261307,0.0709927712962963,1.8823019241979806,0.037715931957379906
2023-04-13 13:51:35.366300,245.64716932007394,0.00234717315,2.6690711819999997,0.0008793969849246232,0.07244361574074075,1.8823542132314814,0.038485644854469286
2023-04-13 13:51:35.985840,245.64646444136926,0.00239414612,2.6691040777591035,0.0008969849246231157,0.0738933987654321,1.8823774128640591,0.039255357751558674
2023-04-13 13:51:36.598751,245.64505468335847,0.00244096459,2.668966776978022,0.0009145728643216081,0.07533841327160494,1.8822805819119688,0.04002507064864806
2023-04-13 13:51:37.203660,245.6441230094096,0.00248792223,2.668983955633423,0.0009321608040201006,0.07678772314814815,1.88229269710567,0.04079478354573745
2023-04-13 13:51:37.831065,245.64256247587699,0.00253492323,2.669046152222222,0.000949748743718593,0.07823837129629631,1.882336561057956,0.04156449644282683
2023-04-13 13:51:38.485011,245.64132883013434,0.00258197275,2.6691562454545457,0.0009673366834170855,0.07969051697530866,1.8824142039702583,0.04233420933991622
2023-04-13 13:51:39.123515,245.64037223689826,0.00262886328,2.6691009832653063,0.0009849246231155779,0.08113775555555557,1.8823752304818595,0.0431039222370056
2023-04-13 13:51:39.753806,245.63931512703374,0.00267588334,2.6691768654636587,0.0010025125628140704,0.08258899197530864,1.8824287461680433,0.043873635134094986
2023-04-13 13:51:40.383156,245.6380814796737,0.00272289816,2.6692449942857137,0.001020100502512563,0.08404006666666666,1.8824767938095235,0.044643348031184374
2023-04-13 13:51:41.020592,245.636898512217,0.00276989765,2.6692960404358352,0.0010376884422110553,0.08549066820987654,1.8825127939493467,0.045413060928273755
2023-04-13 13:51:41.639506,245.63561460544818,0.00281778208,2.670183971047619,0.0010552763819095478,0.08696858271604939,1.8831390042727807,0.04618277382536314
2023-04-13 13:51:42.294511,245.63463266972354,0.00286456782,2.6700187174707257,0.0010728643216080403,0.08841258703703704,1.8830224596977188,0.04695248672245253
2023-04-13 13:51:42.935122,245.63337410207487,0.00291140929,2.6699099018894006,0.0010904522613065328,0.08985831141975309,1.8829457178448397,0.04772219961954192
2023-04-13 13:51:43.565996,245.63198967692242,0.00295774854,2.669351290068027,0.0011080402010050251,0.09128853518518519,1.8825517585819267,0.0484919125166313
2023-04-13 13:51:44.186524,245.63090722316008,0.00300460242,2.6692673284821424,0.0011256281407035177,0.09273464259259259,1.8824925449326222,0.049261625413720686
2023-04-13 13:51:44.821658,245.6299003675774,0.0030513849,2.6691234949450546,0.0011432160804020102,0.09417854629629631,1.8823911067745216,0.05003133831081008
2023-04-13 13:51:45.440072,245.6286164571802,0.00309947509,2.6701105753679655,0.0011608040201005025,0.0956628114197531,1.883087242196235,0.050801051207899454
2023-04-13 13:51:46.078074,245.62700523315735,0.00314587182,2.669631096716418,0.001178391959798995,0.09709480925925926,1.8827490913571032,0.05157076410498884
2023-04-13 13:51:46.707404,245.62612423315653,0.00319271288,2.6695372399999995,0.0011959798994974876,0.09854052098765433,1.8826828991975306,0.05234047700207824
2023-04-13 13:51:47.327216,245.62499151840905,0.0032394773,2.669382951138716,0.00121356783919598,0.09998386728395062,1.8825740874543102,0.053110189899167624
2023-04-13 13:51:47.956715,245.62388372119523,0.00328630485,2.66928434755102,0.0012311557788944724,0.10142916203703704,1.8825045475784203,0.053879902796257
2023-04-13 13:51:48.568683,245.62254954920732,0.0033331203,2.669178831790744,0.001248743718592965,0.10287408333333334,1.8824301329141513,0.05464961569334639
2023-04-13 13:51:49.189073,245.62134123391203,0.00338083582,2.669787016587301,0.0012663316582914575,0.10434678456790125,1.8828590533648097,0.05541932859043578
2023-04-13 13:51:49.804319,245.62028411592243,0.00342764008,2.6696687902935423,0.0012839195979899498,0.10579136049382717,1.8827756746360322,0.056189041487525154
2023-04-13 13:51:50.434632,245.6189748600957,0.00347449411,2.6695919995752893,0.0013015075376884423,0.1072374725308642,1.8827215182189925,0.05695875438461455
2023-04-13 13:51:51.070788,245.6177162844867,0.00352128747,2.6694712629714283,0.0013190954773869348,0.10868171203703704,1.8826363691017634,0.05772846728170394
2023-04-13 13:51:51.722159,245.6163318505776,0.00356774511,2.6691025446992485,0.0013366834170854271,0.11011558981481483,1.882376331678328,0.05849818017879331
2023-04-13 13:51:52.357453,245.61487181678436,0.00361596356,2.6700435934693876,0.0013542713567839197,0.11160381358024693,1.8830400034189971,0.059267893075882705
2023-04-13 13:51:52.977579,245.6149723340358,0.00366285192,2.66999096,0.0013718592964824122,0.1130509851851852,1.8830028838271602,0.06003760597297209
2023-04-13 13:51:53.614291,245.61242983759757,0.00370973524,2.6699360316817353,0.0013894472361809047,0.11449800123456791,1.8829641458002364,0.06080731887006148
2023-04-13 13:51:54.242397,245.61137271580114,0.00375617532,2.6695674595714287,0.001407035175879397,0.11593133703703705,1.8827042114570105,0.06157703176715086
2023-04-13 13:51:54.867659,245.61008879579265,0.00380302919,2.66949844377425,0.0014246231155778896,0.11737744413580248,1.8826555382790622,0.06234674466424025
2023-04-13 13:51:55.489576,245.60890581495818,0.0038498761,2.6694262853658532,0.001442211055276382,0.1188233364197531,1.8826046487842516,0.06311645756132964
2023-04-13 13:51:56.111090,245.60767215244286,0.00389810261,2.670300927332186,0.0014597989949748744,0.12031180895061729,1.8832214873314952,0.06388617045841902
2023-04-13 13:51:56.748197,245.60653942924935,0.00394452626,2.669934441292517,0.001477386934673367,0.121744637654321,1.8829630241831488,0.0646558833555084
2023-04-13 13:51:57.369063,245.60525550673236,0.00399133646,2.6698351446722683,0.0014949748743718595,0.12318939691358025,1.8828929955481892,0.06542559625259779
2023-04-13 13:51:57.992451,245.6045506160934,0.00403824791,2.669805096644518,0.0015125628140703518,0.12463728117283951,1.8828718042693593,0.06619530914968717
2023-04-13 13:51:58.609484,245.6022095668321,0.00408510187,2.669738167914614,0.0015301507537688443,0.1260833910493827,1.8828246029891644,0.06696502204677655
2023-04-13 13:51:59.220738,245.60163053373947,0.00413156636,2.669421122207792,0.0015477386934673368,0.1275174802469136,1.8826010074829644,0.06773473494386595
2023-04-13 13:51:59.834068,245.6004222082279,0.00417976958,2.670221978876404,0.0015653266331658294,0.1290052339506173,1.8831658091767234,0.06850444784095534
2023-04-13 13:52:00.468144,245.5996417166364,0.00422663081,2.6701572418730155,0.0015829145728643217,0.13045156820987655,1.8831201536048894,0.06927416073804471
2023-04-13 13:52:01.108919,245.59790461514825,0.0042735116,2.670106148822606,0.0016005025125628142,0.13189850617283952,1.8830841203887823,0.0700438736351341
2023-04-13 13:52:01.738957,245.5966460288196,0.00431995522,2.66978599,0.0016180904522613067,0.13333195123456792,1.8828583293672838,0.0708135865322235
2023-04-13 13:52:02.366411,245.59533718282708,0.004366837,2.6697405929339477,0.001635678391959799,0.13477891975308642,1.882826313226565,0.07158329942931287
2023-04-13 13:52:02.985341,245.5941288542402,0.00441504878,2.670500629848024,0.0016532663316582916,0.136266937654321,1.8833623269144244,0.07235301232640226
2023-04-13 13:52:03.607722,245.5926434666293,0.00446184324,2.670396405293233,0.001670854271356784,0.13771121111111112,1.8832888228688385,0.07312272522349166
2023-04-13 13:52:04.238365,245.5919639131143,0.00450828212,2.670083755595238,0.0016884422110552766,0.13914450987654323,1.8830683276342959,0.07389243812058104
2023-04-13 13:52:04.861604,245.590704901416,0.00455519659,2.6700563222680413,0.001706030150753769,0.14059248734567903,1.8830489803649613,0.07466215101767042
2023-04-13 13:52:05.494040,245.58967311107577,0.00460203996,2.6699881983673466,0.0017236180904522615,0.1420382703703704,1.8830009361942555,0.07543186391475981
2023-04-13 13:52:06.137341,245.5885652980453,0.00464889875,2.669930306637806,0.001741206030150754,0.14348452932098765,1.882960108230675,0.07620157681184919
2023-04-13 13:52:06.816265,245.5873316253825,0.00469712255,2.6706496784285716,0.0017587939698492463,0.14497291820987657,1.8834674429658291,0.07697128970893857
2023-04-13 13:52:07.440733,245.58589691524963,0.00474356929,2.670354423507779,0.0017763819095477388,0.14640645956790124,1.8832592153442207,0.07774100260602797
2023-04-13 13:52:08.058317,245.5850661598406,0.00479046783,2.670316801596638,0.0017939698492462314,0.14785394537037036,1.8832326826075056,0.07851071550311735
2023-04-13 13:52:08.669774,245.58395834474533,0.00483734782,2.670269670402219,0.0018115577889447237,0.14930085864197531,1.883199443478108,0.07928042840020673
2023-04-13 13:52:09.303528,245.5824226917371,0.0048841675,2.6701904739010986,0.0018291457286432162,0.15074591049382716,1.8831435903901264,0.08005014129729612
2023-04-13 13:52:09.921353,245.58101331958582,0.00493058964,2.6698975193469385,0.0018467336683417087,0.1521786925925926,1.882936985094986,0.0808198541943855
2023-04-13 13:52:10.548177,245.58015722169543,0.00497880264,2.6705706883018867,0.0018643216080402013,0.15366674814814815,1.8834117354227808,0.0815895670914749
2023-04-13 13:52:11.171739,245.57912500460446,0.00502567345,2.670518068224299,0.0018819095477386936,0.15511337808641978,1.8833746252754702,0.08235927998856428
2023-04-13 13:52:11.794155,245.5782439875482,0.00507253164,2.6704597787301583,0.001899497487437186,0.15655961851851852,1.8833335167896332,0.08312899288565366
2023-04-13 13:52:12.420683,245.57723711052782,0.00511894137,2.670168630747051,0.0019170854271356786,0.15799201759259263,1.8831281855731519,0.08389870578274305
2023-04-13 13:52:13.029236,245.5758526539549,0.00516581913,2.670124693168831,0.001934673366834171,0.15943886203703703,1.8830971987317215,0.08466841867983244
2023-04-13 13:52:13.661158,245.57474483472902,0.00521397518,2.6707363212870012,0.0019522613065326635,0.1609251598765432,1.8835285475743202,0.08543813157692182
2023-04-13 13:52:14.310140,245.57391407557066,0.0052608593,2.6706913283163267,0.0019698492462311558,0.16237220061728397,1.8834968164206194,0.0862078444740112
2023-04-13 13:52:14.949361,245.57232815682877,0.00530728022,2.670414067711757,0.0019874371859296483,0.1638049450617284,1.8833012792349892,0.08697755737110059
2023-04-13 13:52:15.567168,245.571371536909,0.00535413913,2.6703601174686717,0.002005025125628141,0.1652512077160494,1.8832632309925663,0.08774727026818997
2023-04-13 13:52:16.179787,245.56963441555106,0.00540097817,2.670297281565217,0.0020226130653266334,0.16669685709876544,1.883218916165593,0.08851698316527937
2023-04-13 13:52:16.819411,245.56824995471732,0.00544774601,2.670200630517241,0.002040201005025126,0.1681403089506173,1.8831507533123137,0.08928669606236875
2023-04-13 13:52:17.438866,245.568778736067,0.00549543943,2.670555425079365,0.0020577889447236184,0.16961232808641977,1.8834009710822062,0.09005640895945814
2023-04-13 13:52:18.060383,245.56641231194217,0.00554228392,2.6704951575786926,0.0020753768844221105,0.17105814567901237,1.8833584676133683,0.09082612185654751
2023-04-13 13:52:18.685574,245.56545568973127,0.00558909786,2.6704213064585836,0.002092964824120603,0.17250302037037038,1.8833063843388465,0.0915958347536369
2023-04-13 13:52:19.305539,245.56384442455132,0.00563589888,2.6703425645714285,0.0021105527638190956,0.1739474962962963,1.8832508518659612,0.09236554765072628
2023-04-13 13:52:19.929383,245.56288780134557,0.00568228995,2.670072491263282,0.002128140703517588,0.17537931944444446,1.8830603834989503,0.09313526054781568
2023-04-13 13:52:20.545931,245.56147799569834,0.00572907283,2.6699894453629973,0.0021457286432160806,0.17682323549382717,1.8830018156340893,0.09390497344490506
2023-04-13 13:52:21.174412,245.56032033264032,0.00577720888,2.670533256957026,0.002163316582914573,0.17830891604938273,1.8833853370823472,0.09467468634199445
2023-04-13 13:52:21.789667,245.5594139678242,0.00582399757,2.6704504986866358,0.0021809045226130657,0.1797530114197531,1.8833269720675812,0.09544439923908384
2023-04-13 13:52:22.404477,245.5580295012605,0.00587037978,2.670184174217143,0.0021984924623115578,0.18118456111111111,1.8831391475574601,0.09621411213617322
2023-04-13 13:52:23.040391,245.55664461156914,0.00591721157,2.6701249488208614,0.0022160804020100503,0.18262998672839506,1.8830973790295273,0.0969838250332626
2023-04-13 13:52:23.672363,245.55543626405827,0.00596403408,2.6700625015073114,0.002233668341708543,0.18407512592592593,1.8830533382543846,0.09775353793035199
2023-04-13 13:52:24.293131,245.55442937773944,0.00601216511,2.67058226984375,0.0022512562814070354,0.1855606515432099,1.8834199032694348,0.09852325082744137
2023-04-13 13:52:24.902029,245.55314542814642,0.00605855982,2.6703286914285713,0.002268844221105528,0.18699258703703706,1.8832410678747795,0.09929296372453077
2023-04-13 13:52:25.514730,245.5517862991983,0.00610541623,2.67028094454945,0.0022864321608040204,0.1884387725308642,1.883207394535646,0.10006267662162016
2023-04-13 13:52:26.150355,245.55065312803333,0.00615223643,2.670218210621592,0.002304020100502513,0.18988384043209877,1.8831631516266472,0.10083238951870954
2023-04-13 13:52:26.790189,245.5493695988286,0.00619906066,2.670158163073593,0.002321608040201005,0.1913290327160494,1.8831208032787532,0.10160210241579891
2023-04-13 13:52:27.411428,245.5481861665717,0.00624579796,2.670061856154672,0.0023391959798994976,0.19277154197530863,1.8830528831214275,0.1023718153128883
2023-04-13 13:52:28.024009,245.547028074927,0.00629351299,2.670381844371002,0.00235678391959799,0.19424422808641975,1.8832785538233763,0.10314152820997768
2023-04-13 13:52:28.638602,245.54569386145064,0.00634034277,2.6703242565714285,0.0023743718592964826,0.1956895916666667,1.8832379402054673,0.10391124110706708
2023-04-13 13:52:29.263542,245.54443524851965,0.00638718124,2.6702711486554622,0.002391959798994975,0.19713522345679013,1.8832004860116451,0.10468095400415647
2023-04-13 13:52:29.876764,245.54368008045296,0.00643401133,2.670215338206465,0.0024095477386934677,0.1985805966049383,1.8831611258647445,0.10545066690124585
2023-04-13 13:52:30.483526,245.5422702638352,0.00648037943,2.66996999289855,0.00242713567839196,0.20001171080246913,1.8829880968435762,0.10622037979833525
2023-04-13 13:52:31.146670,245.54081018627917,0.00652725005,2.669933730626927,0.0024447236180904523,0.20145833487654322,1.8829625229884346,0.10699009269542462
2023-04-13 13:52:31.768307,245.53982821289253,0.00657536071,2.670401594469388,0.002462311557788945,0.20294323179012347,1.8832924825193058,0.107759805592514
2023-04-13 13:52:32.397284,245.53882132020544,0.0066221911,2.6703465631205674,0.0024798994974874373,0.20438861419753088,1.8832536718304,0.10852951848960339
2023-04-13 13:52:33.026520,245.53771390671687,0.00666857039,2.6701116853319915,0.00249748743718593,0.2058200737654321,1.8830880249949384,0.10929923138669279
2023-04-13 13:52:33.630942,245.5368577938127,0.00671535248,2.6700402467932065,0.0025150753768844224,0.20726396543209877,1.8830376431859497,0.11006894428378217
2023-04-13 13:52:34.249515,245.53522159101732,0.00676220233,2.669996554900793,0.002532663316582915,0.2087099484567901,1.8830068296136764,0.11083865718087156
2023-04-13 13:52:34.867542,245.53431521698315,0.00681035363,2.6704637879211823,0.002550251256281407,0.21019609969135802,1.8833363442592288,0.11160837007796093
2023-04-13 13:52:35.485686,245.5331068585379,0.0068567301,2.670233444031311,0.0025678391959798996,0.21162747222222222,1.883173894941835,0.11237808297505031
2023-04-13 13:52:36.107965,245.53202436146225,0.00690355121,2.670178213391642,0.002585427135678392,0.21307256820987655,1.8831349437036735,0.1131477958721397
2023-04-13 13:52:36.709926,245.5309418639114,0.00695035669,2.6701177245366794,0.0026030150753768846,0.21451718179012347,1.883092284125405,0.1139175087692291
2023-04-13 13:52:37.317356,245.52935591755866,0.00699717756,2.670063920306807,0.002620603015075377,0.21596227037037038,1.88305433885835,0.11468722166631848
2023-04-13 13:52:37.920409,245.52862566388848,0.0070435754,2.6698504849523808,0.0026381909547738697,0.21739430246913583,1.8829038142333918,0.11545693456340787
2023-04-13 13:52:38.523863,245.52766902702976,0.00709172558,2.6702996980510876,0.002655778894472362,0.2188804191358025,1.883220620384795,0.11622664746049725
2023-04-13 13:52:39.125863,245.52656160853368,0.00713853145,2.670240147650376,0.0026733668341708543,0.22032504475308642,1.8831786226484906,0.11699636035758662
2023-04-13 13:52:39.747753,245.52520204258335,0.00718539652,2.670203375312792,0.002690954773869347,0.2217714975308642,1.8831526890709038,0.11776607325467602
2023-04-13 13:52:40.371240,245.52447221003987,0.00723186616,2.6700210869016696,0.0027085427135678393,0.22320574567901236,1.8830241307315787,0.11853578615176541
2023-04-13 13:52:41.025135,245.52270971423928,0.0072787208,2.66998237640553,0.002726130653266332,0.2246518765432099,1.882996830273653,0.11930549904885479
2023-04-13 13:52:41.660601,245.52192919808311,0.00732559496,2.6699512766300364,0.0027437185929648244,0.22609860987654323,1.8829748972529732,0.12007521194594419
2023-04-13 13:52:42.305252,245.52062031248107,0.00737376059,2.6703882755414012,0.002761306532663317,0.22758520339506175,1.8832830893864512,0.12084492484303357
2023-04-13 13:52:42.954266,245.51903435948927,0.00742020372,2.6701998920072327,0.0027788944723618095,0.22901863333333333,1.8831502324804095,0.12161463774012296
2023-04-13 13:52:43.578778,245.518103060386,0.00746707133,2.6701656687690924,0.0027964824120603016,0.23046516450617285,1.8831260966473384,0.12238435063721233
2023-04-13 13:52:44.216817,245.51770013086912,0.00751393793,2.670131514410714,0.002814070351758794,0.23191166450617284,1.8831020093915065,0.12315406353430172
2023-04-13 13:52:44.836348,245.5161390951375,0.00756080433,2.6700977137000885,0.0028316582914572866,0.23335815833333337,1.8830781715446614,0.1239237764313911
2023-04-13 13:52:45.480199,245.51470434362164,0.00760719742,2.669898212663139,0.002849246231155779,0.23479004382716048,1.8829374740540963,0.1246934893284805
2023-04-13 13:52:46.117433,245.51382330356617,0.00765542061,2.670339529167397,0.0028668341708542717,0.2362784138888889,1.883248711156636,0.1254632022255699
2023-04-13 13:52:46.754651,245.51248907212513,0.00770226963,2.6702990529094075,0.002884422110552764,0.2377243712962963,1.883220165400616,0.12623291512265927
2023-04-13 13:52:47.368363,245.51140656599662,0.00774914044,2.670266575861471,0.0029020100502512567,0.23917100123456791,1.8831972610627972,0.12700262801974865
2023-04-13 13:52:47.977357,245.51022311552194,0.00779603546,2.6702427823407917,0.002919597989949749,0.24061837839506173,1.8831804807557742,0.12777234091683803
2023-04-13 13:52:48.616999,245.50909034761872,0.00784244656,2.6700545174337043,0.0029371859296482413,0.24205081975308645,1.8830477075111154,0.12854205381392741
2023-04-13 13:52:49.260919,245.5079575791947,0.00789065926,2.6704782189455782,0.002954773869346734,0.24353886604938274,1.8833465216946441,0.1293117667110168
2023-04-13 13:52:49.884473,245.50667360540737,0.00793756315,2.670456579628064,0.0029723618090452264,0.24498651697530865,1.8833312606327548,0.1300814796081062
2023-04-13 13:52:50.499827,245.50561643832955,0.0079844149,2.670417756470588,0.002989949748743719,0.24643255864197533,1.8833038807207696,0.13085119250519558
2023-04-13 13:52:51.145797,245.50430712170345,0.00803087828,2.6702502551712612,0.0030075376884422115,0.24786661358024695,1.883185750946399,0.13162090540228497
2023-04-13 13:52:51.791089,245.50322461198024,0.00807766509,2.6701916161295682,0.0030251256281407036,0.24931065092592594,1.8831443959432292,0.13239061829937435
2023-04-13 13:52:52.417916,245.5020664992176,0.00812456577,2.670171078827415,0.003042713567839196,0.25075820277777777,1.8831299120742726,0.13316033119646373
2023-04-13 13:52:53.036938,245.5008332056697,0.00817280954,2.670589652643678,0.0030603015075376886,0.25224720802469136,1.8834251099662978,0.1339300440935531
2023-04-13 13:52:53.670425,245.49959948914315,0.00821924127,2.6704147146612245,0.003077889447236181,0.25368028611111115,1.8833017354941042,0.13469975699064252
2023-04-13 13:52:54.314321,245.49861792170157,0.00826613448,2.670390846623376,0.0030954773869346737,0.2551276074074074,1.8832849026340788,0.1354694698877319
2023-04-13 13:52:54.937894,245.49698127116028,0.00831302234,2.6703655297175137,0.003113065326633166,0.25657476358024695,1.883267047964358,0.13623918278482128
2023-04-13 13:52:55.559131,245.49607530542536,0.0083598985,2.6703367600321024,0.0031306532663316587,0.25802155864197535,1.8832467582325165,0.1370088956819107
2023-04-13 13:52:56.200982,245.49499279208447,0.00840633011,2.6701671059696728,0.003148241206030151,0.2594546330246914,1.883127110228612,0.13777860857900004
2023-04-13 13:52:56.813639,245.49388493654178,0.00845456259,2.6705681831904764,0.0031658291457286433,0.26094328981481485,1.883409968700691,0.13854832147608942
2023-04-13 13:52:57.455710,245.49242483032455,0.0085013975,2.670525812943962,0.003183417085427136,0.26238881172839507,1.8833800872151087,0.13931803437317883
2023-04-13 13:52:58.069912,245.4917452492068,0.00854826014,2.670492571208791,0.0032010050251256284,0.26383518950617285,1.8833566435839775,0.1400877472702682
2023-04-13 13:52:58.677031,245.4903856640458,0.00859466161,2.6703164096643244,0.003218592964824121,0.2652673336419753,1.883232406198451,0.1408574601673576
2023-04-13 13:52:59.284132,245.48947927352145,0.00864156329,2.6702967309161485,0.0032361809045226135,0.2667149163580247,1.8832185278220368,0.141627173064447
2023-04-13 13:52:59.896286,245.48837141549816,0.00868975016,2.670672249945946,0.003253768844221106,0.2682021654320988,1.8834833614587918,0.14239688596153638
2023-04-13 13:53:00.537580,245.48691130601148,0.00873661504,2.670639620522273,0.003271356783919598,0.269648612345679,1.883460349658455,0.14316659885862573
2023-04-13 13:53:01.147018,245.48587947225928,0.00878300665,2.6704634428571428,0.0032889447236180906,0.2710804521604938,1.8833361009038796,0.14393631175571514
2023-04-13 13:53:01.794671,245.48484721571091,0.00882989292,2.670438740243161,0.003306532663316583,0.2725275592592593,1.8833186794616121,0.14470602465280452
2023-04-13 13:53:02.424440,245.48394082314752,0.00887680057,2.6704207308087673,0.0033241206030150757,0.2739753262345679,1.8833059783635906,0.1454757375498939
2023-04-13 13:53:03.046157,245.48258123367665,0.0089236709,2.6703917430075186,0.003341708542713568,0.2754219413580247,1.8832855348062283,0.1462454504469833
2023-04-13 13:53:03.662192,245.48134793036942,0.00897139007,2.6706157426028416,0.0033592964824120607,0.2768947552469136,1.8834435098294733,0.1470151633440727
2023-04-13 13:53:04.301050,245.48034101378647,0.00901824185,2.670580547842262,0.0033768844221105532,0.2783407978395062,1.8834186888332,0.14778487624116207
2023-04-13 13:53:04.922669,245.4792078097735,0.00906505449,2.6705341872834936,0.0033944723618090453,0.27978563240740745,1.883385993192217,0.14855458913825145
2023-04-13 13:53:05.544710,245.47807502760367,0.00911189345,2.670496018483063,0.003412060301507538,0.2812312793209877,1.8833590747635185,0.14932430203534083
2023-04-13 13:53:06.175318,245.47684172203842,0.00915874966,2.6704632708278386,0.0034296482412060304,0.2826774586419753,1.883335979580744,0.15009401493243021
2023-04-13 13:53:06.802120,245.47560799348977,0.0092051467,2.67029765787172,0.003447236180904523,0.2841094660493827,1.8832191815545922,0.15086372782951962
2023-04-13 13:53:07.422367,245.47439960624953,0.00925330184,2.6706411401885424,0.0034648241206030155,0.28559573580246916,1.883461421398401,0.151633440726609
2023-04-13 13:53:08.043677,245.47331708337686,0.00930013152,2.670600537489177,0.003482412060301508,0.2870410962962963,1.8834327864699907,0.15240315362369838
2023-04-13 13:53:08.672127,245.47231016350793,0.00934694053,2.670554437142857,0.0035,0.2884858188271605,1.8834002743430334,0.15317286652078776
